13
16
25
20
13
12
14
18
15
16
12
16
13
9
12
10
13
17
13
7
21
22
16
21
13
13
9
14
17
11
16
16
14
13
16
16
10
23
13
11
15
12
11
9
17
8
14
20
12
16
14
13
13
18
15
8
11
14
9
20
16
13
17
16
17
18
18
16
13
17
12
13
12
13
12
10
9
13
12
15
13
16
12
11
15
9
11
9
12
13
15
17
12
26
14
11
9
15
12
13
15
10
12
13
11
12
11
12
8
16
14
12
10
12
14
6
10
11
8
16
11
16
13
10
16
14
9
16
10
10
8
10
11
8
14
10
9
9
8
10
7
11
9
9
11
10
9
7
13
10
12
11
17
14
9
7
12
12
10
13
11
11
12
14
8
14
10
9
8
11
13
10
7
10
7
11
8
7
9
6
10
11
17
12
14
7
7
15
12
7
10
10
8
12
8
12
8
8
9
8
10
10
12
9
11
9
9
9
12
9
12
11
10
10
10
12
11
11
8
6
5
9
5
10
11
7
6
6
10
8
10
6
8
8
9
7
7
8
10
9
9
10
11
11
10
10
9
13
16
9
7
11
8
10
8
10
7
7
7
10
6
8
8
7
9
10
11
8
6
8