125
102
107
108
91
88
121
111
105
97
76
102
79
71
97
83
91
104
67
80
82
90
70
96
78
75
76
77
51
92
92
85
70
83
127
105
84
116
116
74
77
94
87
68
83
56
84
102
85
83
72
101
85
91
92
76
87
67
71
72
103
99
82
111
100
102
93
76
83
89
91
63
97
66
86
79
77
89
112
77
105
85
109
67
76
86
95
103
60
75
69
64
73
62
71
83
70
82
75
85
46
71
56
49
62
57
67
74
65
53
49
68
64
76
59
80
70
66
64
64
87
106
66
84
75
65
73
68
68
90
65
59
68
58
68
73
48
48
58
65
44
74
63
75
57
50
52
67
72
62
74
64
72
84
69
52
62
73
85
96
65
48
49
66
60
59
62
69
57
71
76
54
61
74
77
65
53
61
82
59
64
67
72
53
63
63
59
61
51
60
61
46
60
44
36
59
44
45
50
46
52
55
45
45
40
39
50
54
65
53
52
73
56
77
61
65
68
67
55
58
49
40
60
60
60
60
47
46
38
57
38
47
49
40
41
68
56
45
53
47
54
57
51
60
67
55
69
57
70
48
51
54
64
57
51
49
65
53
55
42
42
47
56
55
52
61
58
47
50
31