38
33
46
33
25
33
37
39
33
32
28
25
30
35
28
26
42
28
34
33
32
31
33
28
24
25
32
27
32
19
32
23
46
32
35
34
31
61
33
33
20
24
42
27
26
17
26
31
18
24
26
30
28
25
38
37
30
26
24
29
40
38
30
36
26
30
38
31
32
22
33
20
34
39
33
30
31
25
40
37
29
26
25
25
30
29
28
38
31
29
26
26
24
28
19
29
23
31
35
40
24
21
22
18
23
20
21
22
21
21
25
19
19
21
15
26
18
27
26
25
21
19
33
27
22
30
28
34
28
18
18
18
27
18
25
26
15
26
22
24
16
23
19
21
17
13
22
23
18
31
33
25
31
21
21
28
25
19
29
26
17
19
21
15
17
19
19
20
19
25
22
16
23
21
22
24
20
27
16
26
23
23
23
23
16
13
17
22
21
17
11
18
17
19
20
15
17
21
31
22
16
15
22
20
17
16
18
19
17
18
20
15
17
18
21
23
22
16
17
25
18
17
22
23
17
14
15
14
13
18
18
15
19
27
22
14
17
16
19
15
20
25
20
24
26
19
22
16
21
30
23
21
13
18
26
11
23
16
15
20
21
18
23
24
14
25
15
14
16
15