82
44
53
51
51
60
59
57
44
39
36
29
36
50
46
38
60
45
57
44
35
53
45
49
43
52
51
49
51
41
53
35
42
57
61
41
43
43
43
41
47
62
52
47
40
44
61
35
52
52
35
41
28
41
50
46
39
35
35
49
55
42
43
38
58
50
37
54
46
46
45
58
62
58
51
45
37
50
43
36
38
36
36
38
51
41
44
38
44
41
39
45
39
34
30
53
29
44
33
50
24
26
53
32
30
26
26
30
25
40
29
33
34
29
43
35
37
36
29
39
46
36
40
45
31
34
47
45
33
43
37
30
31
34
65
25
34
30
22
35
38
36
37
27
29
37
34
37
30
26
48
44
34
31
32
40
32
29
43
44
31
28
29
36
32
32
28
32
32
25
37
28
38
37
41
35
26
31
32
23
27
32
31
30
30
28
25
33
32
37
22
23
24
27
43
22
21
25
21
20
29
24
28
23
23
29
25
27
24
32
30
27
34
29
29
34
31
34
24
28
24
42
17
28
30
18
21
20
27
22
29
26
25
26
22
25
30
21
23
29
24
31
31
26
25
26
25
32
29
29
27
19
33
23
26
27
19
21
23
24
25
18
25
20
27
20
25
32
29
30