126
102
114
111
93
89
116
116
104
101
76
102
80
67
97
84
94
104
65
78
84
91
72
95
78
76
68
77
51
92
95
95
74
86
133
113
82
120
122
76
77
94
90
68
79
55
84
101
76
82
72
103
83
91
92
71
87
67
71
71
105
100
83
116
99
104
89
77
83
88
91
63
98
66
87
80
77
87
111
75
100
80
109
67
72
89
88
102
60
71
69
71
73
62
78
87
69
89
75
95
46
72
59
45
61
56
68
74
66
52
48
68
63
76
57
81
70
62
64
63
93
102
68
88
77
69
76
66
71
100
68
62
67
57
69
77
48
47
60
66
43
77
62
75
58
51
52
67
70
63
71
67
73
87
71
61
63
76
92
96
67
48
48
72
59
57
62
69
58
72
76
57
60
75
74
64
54
61
84
59
65
67
75
50
64
64
61
62
52
63
61
44
66
44
36
56
45
50
48
43
54
54
45
44
41
41
50
50
67
56
53
78
59
78
68
72
75
68
55
58
49
39
61
57
59
62
46
48
39
59
35
49
50
36
43
67
55
46
49
47
65
60
57
66
65
55
68
55
70
51
45
51
69
56
54
47
66
56
54
46
42
47
58
55
55
65
58
45
50
31