120
102
107
114
93
88
120
115
107
100
76
102
81
67
99
81
90
104
65
77
82
91
71
95
79
73
70
77
53
92
97
88
73
84
134
109
83
118
120
77
77
94
92
68
80
54
84
101
76
82
72
103
85
91
93
71
87
67
70
71
109
104
88
111
103
104
90
78
83
90
91
63
98
66
88
78
77
87
111
75
99
82
109
68
72
85
88
102
60
71
73
70
74
62
80
83
70
83
75
89
47
72
57
54
61
55
66
74
66
52
48
67
68
76
58
82
69
62
66
63
90
108
73
85
73
66
76
66
78
88
68
61
67
57
70
73
48
47
60
64
43
79
62
74
56
54
52
67
71
64
67
65
76
87
73
61
64
79
90
96
67
48
49
68
57
57
63
68
58
71
76
60
60
73
74
69
56
61
86
59
64
74
73
51
62
66
66
62
55
62
62
44
65
44
38
55
47
47
48
43
54
54
46
41
39
41
50
49
66
56
53
75
61
81
61
72
79
68
57
54
49
40
60
59
62
62
47
47
39
58
35
48
51
36
44
64
59
44
49
47
60
58
60
61
69
55
69
54
73
51
44
48
65
61
57
47
64
53
56
47
40
47
57
55
55
70
57
47
49
31