102
97
86
97
72
84
91
89
94
85
75
99
72
61
93
77
86
100
64
71
78
87
67
89
71
73
66
72
47
90
69
68
65
74
89
97
75
102
105
59
73
93
85
65
75
53
82
100
73
78
64
93
78
88
89
71
85
63
67
70
86
93
65
86
84
74
72
70
76
73
86
59
95
65
84
68
77
82
109
74
93
77
106
67
68
85
84
95
52
70
59
56
55
43
56
65
50
69
59
65
44
63
42
44
52
54
57
64
60
47
47
59
58
73
52
73
63
56
57
57
60
67
50
61
53
45
60
59
55
70
57
53
66
47
60
67
45
44
55
57
42
71
59
64
48
45
46
59
64
57
55
57
50
56
51
41
49
50
73
70
63
46
40
62
51
51
52
67
53
65
72
49
53
61
73
57
50
52
76
52
41
41
58
35
42
46
42
46
34
48
54
40
53
38
32
50
35
37
36
39
47
48
33
39
33
37
41
46
57
45
36
48
43
53
42
50
52
52
43
38
41
34
50
55
50
47
43
42
32
49
27
42
42
34
37
57
49
39
39
38
42
35
37
38
46
39
53
34
53
34
42
40
52
45
46
37
54
45
48
36
34
42
49
51
48
51
46
40
42
30