27
30
43
30
24
29
34
35
32
29
26
25
29
35
28
26
42
26
33
33
31
31
31
28
24
25
32
24
31
16
30
20
34
27
32
32
31
50
29
29
20
24
40
26
26
16
26
31
17
24
26
30
28
25
38
36
29
26
23
29
37
29
24
35
22
27
36
31
25
18
33
20
33
39
33
30
29
25
40
37
27
24
25
25
28
28
28
36
30
29
18
22
17
22
17
27
18
29
27
28
24
19
21
17
19
19
20
21
19
21
25
18
19
20
15
21
16
26
26
25
18
15
26
20
18
25
19
22
22
16
18
18
27
17
24
25
15
24
22
22
16
22
17
20
16
13
21
23
18
31
28
21
28
19
18
24
19
18
23
25
16
19
19
15
17
17
19
20
19
22
22
16
23
19
22
24
20
27
16
24
19
20
16
20
11
9
14
19
15
13
11
16
15
16
20
13
17
21
26
18
14
15
21
18
15
15
17
18
16
17
14
12
16
16
16
15
18
13
15
22
17
16
21
22
16
13
13
14
13
13
17
15
19
25
21
13
16
16
18
15
14
22
15
16
21
14
19
12
16
20
21
21
13
17
25
11
23
15
14
20
20
16
18
23
14
21
13
14
16
14