62
35
51
43
50
55
54
46
39
29
36
28
34
46
43
37
58
42
53
41
32
50
44
49
40
47
50
49
50
36
49
27
39
44
52
38
43
40
37
32
44
58
48
47
38
44
61
35
51
50
34
40
28
41
50
45
39
30
34
46
50
39
32
34
43
48
30
46
42
45
45
57
62
54
49
42
36
46
43
35
35
36
34
36
51
41
43
35
42
38
26
34
28
28
24
46
24
42
26
41
23
26
47
32
30
25
24
29
21
37
28
32
32
28
39
34
36
31
26
37
34
31
34
34
27
33
38
39
29
39
33
30
27
28
54
22
33
27
19
33
32
30
33
25
27
34
34
37
25
25
39
37
25
30
30
31
29
23
32
38
30
25
29
33
28
30
25
30
28
24
31
28
36
35
38
33
24
27
29
22
24
26
23
23
23
25
21
20
24
26
18
21
22
25
39
19
20
21
18
19
29
21
27
19
22
27
23
24
23
26
24
20
27
21
20
24
23
21
17
21
19
31
17
25
27
17
18
18
21
22
27
23
20
22
20
21
27
19
20
27
18
21
28
22
21
21
20
27
23
24
27
17
30
18
20
26
19
18
21
21
20
16
21
20
24
18
22
31
27
27